MEM_GB=5.19621
CPU_IDLE=0.0756863
